0.24166666666666664
0.4196428571428571
0.6383928571428572
0.25
0.3333333333333333
0.125
0.11666666666666665
0.1
0.6388888888888888
0.0625
0.09285714285714286
0.18
0.0
0.5
1.0
0.16666666666666666
0.08333333333333333
0.3333333333333333
0.0
0.4302469135802469
0.0
0.0
0.19952380952380952
0.3333333333333333
0.6507936507936507
0.19444444444444442
0.12962962962962962
0.0
0.35
0.023809523809523808
0.0
0.1111111111111111
0.6388888888888888
0.1111111111111111
0.0
0.5
0.0
0.0
0.1
0.045
0.6666666666666666
0.16714285714285712
0.4583333333333333
0.0
0.1
0.4058333333333334
0.27341269841269844
0.17666666666666667
0.1
0.05555555555555555
0.4730952380952381
0.47916666666666663
0.15222222222222223
0.05555555555555555
0.19444444444444445
0.1
0.03333333333333333
0.0380952380952381
0.027777777777777776
0.42000000000000004
0.5638888888888889
0.0
0.0
0.5
0.24
0.02857142857142857
0.575
0.04
0.02857142857142857
0.05
0.017857142857142856
0.12
0.4680952380952381
0.020833333333333332
0.0
0.07142857142857142
0.2333333333333333
0.7222222222222222
0.0
0.0
0.75
0.24
0.0625
0.3
0.25
0.5833333333333333
0.0
0.6496031746031746
0.05555555555555555
0.15607142857142856
0.2577160493827161
0.5014285714285714
0.5
0.5264285714285715
0.5
0.38976190476190475
0.15416666666666665
0.0
0.18333333333333335
0.16666666666666663
0.6958333333333333
0.3214285714285714
0.0
0.06666666666666667
0.3833333333333333
0.38571428571428573
0.17261904761904762
0.5901360544217686
0.0
0.125
0.08333333333333333
0.25
0.08333333333333333
0.0
0.05
0.05
0.0
0.21666666666666667
1.0
0.39589947089947086
0.369047619047619
0.21164021164021163
0.0
0.0
0.2095238095238095
0.20833333333333331
0.05
0.0
0.369047619047619
0.5
0.10238095238095238
0.48476190476190484
0.05215419501133787
0.25
0.3839285714285714
0.3333333333333333
0.225
0.1
0.0
0.13888888888888887
0.075
0.0
0.7
0.28439153439153436
0.21995464852607707
0.5833333333333333
0.22666666666666666
0.16666666666666666
0.24861111111111106
0.8333333333333333
0.0
0.0
0.2738095238095238
0.8333333333333333
0.125
0.5607142857142857
0.29861111111111105
0.3625
0.043402777777777776
0.1
0.5
0.10416666666666666
0.24444444444444446
0.31805555555555554
0.5833333333333333
0.013888888888888888
0.5
0.08333333333333333
0.25
0.5694444444444444
0.6388888888888888
0.6791666666666667
1.0
0.03333333333333333
0.02
0.0
0.5888888888888889
0.3333333333333333
0.29166666666666663
0.33095238095238094
0.2
0.5833333333333333
0.5580952380952381
0.21428571428571427
0.6388888888888888
0.16619047619047617
0.13888888888888887
0.3196428571428571
0.05952380952380952
0.3
0.05333333333333333
0.5666666666666667
0.8282627865961198
0.041666666666666664
0.05555555555555555
0.11666666666666665
0.5555555555555555
0.44375
0.025
0.1851851851851852
0.3583333333333333
0.19166666666666665
0.1595238095238095
0.0
0.75
0.2619047619047619
0.14444444444444443
0.6916666666666668
0.05555555555555556
0.27777777777777773
0.0125
0.4891666666666666
0.4625
0.125
0.0
0.0
0.2
0.24285714285714283
0.0
0.13333333333333333
0.275
0.5978835978835979
0.44166666666666665
0.04285714285714286
0.1775
