0.2816666666666666
0.5
0.6383928571428572
0.25
0.30833333333333335
0.05
0.10714285714285714
0.016666666666666666
0.5888888888888889
0.09375
0.07619047619047618
0.2
0.0
0.5
1.0
0.16666666666666666
0.08333333333333333
0.3333333333333333
0.0
0.34589947089947093
0.0
0.0
0.11083333333333334
0.3333333333333333
0.6507936507936507
0.15
0.041666666666666664
0.0
0.3888888888888889
0.017857142857142856
0.0
0.016666666666666666
0.6388888888888888
0.07037037037037037
0.0
0.625
0.0
0.0
0.075
0.014285714285714285
0.5555555555555555
0.11666666666666665
0.4047619047619047
0.0
0.125
0.2822222222222222
0.19694444444444442
0.19166666666666665
0.1
0.0
0.2375
0.0
0.15222222222222223
0.08333333333333333
0.13051587301587303
0.07857142857142857
0.02
0.14166666666666666
0.027777777777777776
0.32
0.4
0.0
0.0
0.5
0.05833333333333333
0.02857142857142857
0.07857142857142857
0.06666666666666667
0.0
0.025
0.020833333333333332
0.05
0.32166666666666666
0.023809523809523808
0.0
0.0
0.2222222222222222
0.7222222222222222
0.0
0.0
0.7
0.3933333333333333
0.05
0.3
0.25
0.5833333333333333
0.0
0.6496031746031746
0.03333333333333333
0.05
0.18518518518518517
0.46416666666666656
0.5
0.5225
0.5
0.48809523809523814
0.1595238095238095
0.0
0.20833333333333331
0.22685185185185183
0.6577380952380952
0.3125
0.0
0.1
0.3833333333333333
0.4
0.1619047619047619
0.613095238095238
0.0
0.125
0.11904761904761904
0.25
0.11805555555555555
0.0
0.0
0.03333333333333333
0.0
0.19444444444444442
1.0
0.2821869488536155
0.4773809523809524
0.19126984126984126
0.0
0.0
0.07857142857142857
0.20833333333333331
0.05
0.0
0.3880952380952381
0.25
0.08611111111111111
0.4925
0.11904761904761904
0.16666666666666666
0.37351190476190477
0.42857142857142855
0.19642857142857142
0.08333333333333333
0.0
0.13888888888888887
0.08333333333333333
0.0
0.6
0.14484126984126985
0.10317460317460317
0.5833333333333333
0.17666666666666667
0.16666666666666666
0.20666666666666664
0.8333333333333333
0.0
0.0
0.2738095238095238
0.6666666666666666
0.08333333333333333
0.49071428571428566
0.28194444444444444
0.2875
0.025
0.1
0.43333333333333335
0.16666666666666666
0.27777777777777773
0.2895833333333333
0.375
0.0
0.5
0.0625
0.20833333333333331
0.611111111111111
0.6388888888888888
0.6791666666666667
1.0
0.02857142857142857
0.0
0.0
0.5746031746031746
0.25
0.225
0.2738095238095238
0.2
0.5833333333333333
0.4314285714285714
0.21428571428571427
0.6388888888888888
0.075
0.13095238095238096
0.31269841269841264
0.018518518518518517
0.3
0.014285714285714285
0.5104166666666666
0.8369047619047618
0.041666666666666664
0.06666666666666667
0.10416666666666666
0.5555555555555555
0.25
0.06944444444444445
0.17777777777777778
0.275
0.13999999999999999
0.09
0.0
0.7
0.24074074074074073
0.06666666666666667
0.5097222222222222
0.016666666666666666
0.27777777777777773
0.01
0.4196428571428571
0.4105555555555555
0.125
0.0
0.0
0.05833333333333333
0.04523809523809523
0.0
0.1
0.23333333333333334
0.6071428571428572
0.44166666666666665
0.013888888888888888
0.13999999999999999
